694741,42		304903,55		1
701720,96		310351,55		2
702312,64		311006,94		3
702315,35		311006,48		4
702326,34		310949,28		5
702353,36		310850,45		6
704034,37		301248,39		7
704224,96		300543,19		8
705114,49		291434,16		9
710600,46		281150,55		10
710605,24		281046,13		11
710802,56		273927,58		12
711108,57		254030,8		13
710658,73		244309,21		14
710607,74		240338,97		15
710551,61		235834,49		16
710546,73		235804,53		17
705134,01		224820,76		18
704027,34		215847,04		19
702459,34		195441,18		20
701814,02		190445,82		21
701327,95		183833,48		22
700605,67		182256,83		23
695251,42		175553,81		24
693603,49		172855			25
692927,18		165641,96		26
692019,42		160219,38		27
690606,43		150931,14		28
684442,11		141853,59		29
683922,41		141244,2		30
681935,91		134020,82		31
681110,11		130906,56		32
680840,11		130337,71		33
675627,08		124644,77		34
674210,99		123453,34		35
673219,44		120100,8		36
673129,56		115832,17		37
672904,72		115140,59		38
672550,82		114918,63		39
672549,85		114918,1		40
672405,44		115034,96		41
664618,21		122616,36		42
663529,84		120147,41		43
660730,21		113259,92		44
653828,83		111537,91		45
652340,11		110116,21		46
645450,99		103117,7		47
644954,3		102724,54		48
644651,32		102622,25		49
641254,81		91547,63		50
635456,97		82744,73		51
635441,03		82710,87		52
633215,45		74922,37		53
632810,64		74345,44		54
630703,55		70922,18		55
624854,41		61534,54		56
624111,69		55852,57		57
622009,74		51549,14		58
621113,18		50317,76		59
620145,5		45354,98		60
615613,6		44859,45		61
613903,97		43359,36		62
610424,07		42957,02		63
610203,43		42959,37		64
610142,79		43001,6			65
601847,38		45316,06		66
594800,14		50230,8			67
593834,77		50421,76		68
591825,92		45117,56		69
591704,35		45038,94		70
591618,34		45049,77		71
591613,81		45055,43		72
590829,32		51029,75		73
590028,96		52151,81		74
585238,06		52519,66		75
584501,14		52902,23		76
584008,2		53218,06		77
583926,21		53256,4			78
583312,95		53935,6			79
583134,28		54206,04		80
582546,19		55145,76		81
582524,78		55225,19		82
580502,81		63542,85		83
580410,86		63736,8			84
580331,04		63942,08		85
580323,9		64014,36		86
575902			70014,9			87
575741,97		71208,97		88
575730,64		73352,3			89
575741,2		73651,98		90
575759,83		73844,53		91
575830,24		74106,57		92
580255,46		80101,82		93
580534,06		81131,23		94
580628,24		81504,35		95
581303,51		82837,16		96
581827,1		83929,68		97
584958,87		93301,19		98
585607,26		95608,9			99
585755,16		100917,77		100
585836,67		101351,44		101
585653,04		105304,51		102
585632,18		105504,47		103
